camera,fx,fy,u0,v0,alphac,kc1,kc2,kc3,kc4,kc5,r11,r12,r13,r21,r22,r23,r31,r32,r33,Tx,Ty,Tz
1,471.326642112614593,426.662204436341881,346.657859672927259,218.359328644457833,0.000000,-0.397822369832092,0.131226322783830,-0.001152677509999,-0.002291097372705,0.000000000000000,0.700227670412089,0.693941023579491,0.167711255980950,0.517416584587631,-0.331432529694897,-0.788943950007675,-0.491895606387098,0.639216969466151,-0.591134822492788,-3.476486050917116700,-1.156083579992916384,4.845474104553619327
2,472.958995562638279,428.846694149710117,345.469797776697703,248.497162677829976,0.000000,-0.389071900544632,0.125991551945571,0.001062638291482,-0.000414066743725,0.000000000000000,0.981072475018785,0.186485688334768,0.052152534040297,0.154336518165587,-0.590386623743320,-0.792227160393714,-0.116948868831810,0.785281301541856,-0.607993617999143,-2.820809871433659737,0.921080419583048752,2.734747413825007243
3,467.134293415803540,422.904172514494576,332.870102520683645,273.174248857274392,0.000000,-0.416837423580768,0.159970162292944,0.000808858230169,-0.001558735210223,0.000000000000000,0.836278386413674,-0.542649442008455,-0.078549624475579,-0.427347841888337,-0.555314606236054,-0.713442015958044,0.343529158079374,0.630204150405890,-0.696297670799255,-0.868917057630084059,1.426262397558596604,2.167801262810230583
4,467.401143838469864,422.921094825239720,370.510953156576420,235.676258506666187,0.000000,-0.407889633073927,0.150978867978827,-0.000569948689129,0.000483970784893,0.000000000000000,-0.046187,-0.99738,-0.055674,-0.55096,0.071925,-0.83143,0.83326,-0.0077272,-0.55283,0.014083,0.034027,4.5147
5,468.525718027105029,424.278201738332086,356.867077527785284,260.554677252541751,0.000000,-0.413250949929596,0.156961478481253,-0.000470553455354,0.000095303005574,0.000000000000000,-0.08292,0.99656,-0.0015277,0.46107,0.037006,-0.88659,-0.88348,-0.074221,-0.46255,-0.83742,-0.25528,5.8297
6,464.803932066310097,421.088099166200948,363.051656392719849,263.902505316842394,0.000000,-0.405432073000122,0.141610268891392,-0.000922297023790,-0.000540244587381,0.000000000000000,-0.724782926341326,-0.682829797858790,-0.091832330038109,-0.424800014868516,0.547827215705769,-0.788943950007675,0.542434011702633,-0.483351641031858,-0.687121920811728,2.982910102426836602,0.137181266696296547,3.125268464727230366
7,471.672767285177940,426.985207175763549,373.002597127995728,216.597937176777009,0.000000,-0.397738076139422,0.137287210994000,-0.000105517334826,0.001394449043772,0.000000000000000,-0.997684327104262,-0.036044209156010,0.057678405290319,-0.067539297869570,0.625105171647650,-0.777612993475963,-0.008026624060089,-0.779707855139141,-0.626092033123340,2.854633091998417967,0.043378413955548417,4.395608249803259241
8,470.561316433381705,425.594571513702249,355.172484892247837,231.057027802762576,0.000000,-0.412750560124808,0.148158881927254,-0.002749158333180,-0.000425978486412,0.000000000000000,-0.760617410767394,0.645702353338175,0.067302491269252,0.393016806454426,0.540500135718786,-0.743906844391378,-0.516719405753131,-0.539377487648044,-0.664885690578926,1.736049071028928438,-2.132541565128429738,6.346925798481678612